-205
-291
-283
-263
-255
-259
-262
-265
-271
-278
-269
-266
-266
-268
-271
-272
-275
-278
-275
-267
-260
-266
-265
-262
-263
-265
-267
-264
-263
-259
-260
-264
-260
-261
-262
-255
-253
-254
-257
-263
-258
-255
-262
-254
-252
-252
-257
-256
-253
-256
-253
-254
-249
-251
-252
-253
-255
-252
-248
-251
-250
-245
-238
-241
-239
-236
-236
-236
-234
-239
-240
-239
-235
-236
-238
-239
-241
-237
-236
-233
-232
-231
-227
-226
-228
-232
-228
-230
-233
-227
-228
-229
-227
-221
-224
-227
-224
-223
-223
-222
-222
-221
-222
-220
-216
-219
-221
-219
-215
-218
-221
-215
-217
-216
-216
-217
-220
-212
-212
-216
-214
-215
-212
-213
-211
-209
-212
-212
